48
0
1
1
0
1
1
-1
-1
0
1
0
0
-1
-1
-1
-1
-1
1
1
1
1
-1
0
0
0
-1
-1
1
0
1
-1
1
0
1
0
-1
-1
-1
-1
-1
-1
-1
-1
-1
-1
-1
-1
-1
370
0 0 14 24
22266 -8629 25 20
14143 -5481 25 13
6020 -2333 8 9
28286 -10962 2 0
20163 -7814 13 17
12040 -4666 13 18
3917 -1518 25 14
26183 -10147 19 5
18060 -6999 2 22
9937 -3851 23 25
1814 -703 6 21
24080 -9332 0 12
15957 -6184 11 8
7834 -3036 11 1
30100 -11665 23 26
21977 -8517 17 17
13854 -5369 0 13
5731 -2221 28 6
27997 -10850 11 2
19874 -7702 5 22
3628 -1406 17 11
17771 -6887 22 27
1525 -591 12 13
15668 -6072 18 21
29811 -11553 0 18
13565 -5257 6 26
27708 -10738 18 23
11462 -4442 23 2
25605 -9923 6 28
9359 -3627 12 7
7256 -2812 21 14
5153 -1997 10 19
3050 -1182 27 24
947 -367 15 0
29233 -11329 11 3
27130 -10514 28 8
25027 -9699 16 12
22924 -8884 4 9
20821 -8069 15 11
18718 -7254 4 16
14512 -5624 9 18
10306 -3994 22 25
6100 -2364 27 6
1894 -734 25 18
28077 -10881 1 28
23871 -9251 14 27
19665 -7621 20 8
15459 -5991 18 21
11253 -4361 23 1
7047 -2731 7 9
29024 -11248 10 2
20612 -7988 28 11
12200 -4728 4 19
3788 -1468 22 0
25765 -9985 26 22
17353 -6725 15 10
8941 -3465 18 3
529 -205 8 12
22506 -8722 11 5
14094 -5462 0 15
27659 -10719 18 9
10835 -4199 11 19
24400 -9456 3 21
7576 -2936 25 24
21141 -8193 19 20
4317 -1673 11 22
17882 -6930 4 25
1058 -410 25 6
14623 -5667 19 24
28188 -10924 12 5
24929 -9661 26 10
21670 -8398 12 9
18411 -7135 27 21
15152 -5872 8 17
11893 -4609 22 1
8634 -3346 9 21
5375 -2083 23 5
2116 -820 9 4
29246 -11334 24 16
25987 -10071 10 7
19469 -7545 25 11
12951 -5019 26 23
6433 -2493 26 27
30304 -11744 27 1
23786 -9218 23 10
17268 -6692 23 22
10750 -4166 24 25
4232 -1640 25 8
28103 -10891 20 17
21585 -8365 21 20
8549 -3313 22 6
25902 -10038 19 19
12866 -4986 20 5
30219 -11711 24 10
17183 -6659 25 26
4147 -1607 21 9
21500 -8332 23 24
8464 -3280 19 8
25817 -10005 20 23
12781 -4953 17 6
17098 -6626 5 8
21415 -8299 2 7
25732 -9972 0 5
30049 -11645 26 4
3977 -1541 6 6
8294 -3214 4 4
12611 -4887 9 3
16928 -6560 7 1
21245 -8233 16 3
25562 -9906 14 2
3807 -1475 9 28
12441 -4821 20 18
21075 -8167 15 24
29709 -11513 21 16
7954 -3082 17 21
16588 -6428 2 14
25222 -9774 26 19
3467 -1343 12 11
12101 -4689 7 9
20735 -8035 10 28
7614 -2950 20 26
24882 -9642 0 23
11761 -4557 10 21
29029 -11249 8 8
15908 -6164 18 6
2787 -1079 27 4
20055 -7771 8 1
6934 -2686 6 18
24202 -9378 16 15
11081 -4293 18 13
15228 -5900 4 27
19375 -7507 16 23
23522 -9114 14 19
27669 -10721 4 14
1427 -551 12 28
5574 -2158 2 23
9721 -3765 10 9
13868 -5372 21 4
18015 -6979 8 26
22162 -8586 20 13
67 -23 18 2
8361 -3237 16 11
16655 -6451 6 21
24949 -9665 4 1
2854 -1102 6 25
11148 -4316 4 6
19442 -7530 2 15
27736 -10744 21 25
5641 -2181 19 5
13935 -5395 17 15
134 -46 6 5
16722 -6474 5 9
2921 -1125 23 28
19509 -7553 19 18
5708 -2204 7 8
22296 -8632 7 13
8495 -3283 3 3
25083 -9711 20 1
11282 -4362 17 20
27870 -10790 17 1
268 -92 2 10
3055 -1171 19 5
5842 -2250 3 22
8629 -3329 20 16
11416 -4408 5 25
14203 -5487 1 20
16990 -6566 14 0
19777 -7645 11 8
22564 -8724 25 17
25351 -9803 13 12
536 -184 14 23
6110 -2342 16 27
11684 -4500 26 15
17258 -6658 28 19
22832 -8816 0 22
28406 -10974 10 5
3591 -1355 13 3
9165 -3513 15 7
14739 -5671 16 18
20313 -7829 18 22
1072 -368 1 14
12220 -4684 12 0
23368 -9000 24 21
4127 -1539 27 7
15275 -5855 10 28
26423 -10171 21 6
7182 -2710 11 17
18330 -7026 14 3
29478 -11342 26 24
10237 -3881 0 10
2144 -736 23 9
24440 -9368 9 16
16347 -6223 25 4
8254 -3078 19 11
161 67 5 18
22457 -8565 20 25
14364 -5420 21 14
6271 -2275 7 21
28567 -10907 1 28
20474 -7762 16 6
4288 -1472 18 1
18491 -6959 27 7
2305 -669 14 11
16508 -6156 23 17
322 134 25 12
14525 -5353 5 26
28728 -10840 21 22
12542 -4550 1 7
26745 -10037 3 2
10559 -3747 12 16
8576 -2944 8 18
6593 -2141 19 27
4610 -1338 6 21
2627 -535 17 1
644 268 13 11
29050 -10706 24 12
27067 -9903 20 22
25084 -9100 2 2
23101 -8297 19 12
21118 -7494 9 21
17152 -5888 8 3
13186 -4282 15 22
9220 -2676 22 4
5254 -1070 0 23
1288 536 16 21
27711 -9635 23 11
23745 -8029 22 22
19779 -6423 0 12
15813 -4817 7 23
11847 -3211 14 13
3915 1 28 14
26372 -8564 4 28
18440 -5352 10 0
10508 -2140 24 1
2576 1072 9 2
25033 -7493 24 19
17101 -4281 9 20
9169 -1069 23 0
1237 2143 8 1
23694 -6422 13 15
7830 2 4 17
22355 -5351 4 6
6491 1073 3 8
21016 -4280 14 2
5152 2144 13 4
19677 -3209 13 22
3813 3215 12 24
18338 -2138 23 10
2474 4286 22 20
16999 -1067 22 9
15660 4 3 26
14321 1075 2 17
12982 2146 12 13
11643 3217 11 4
10304 4288 21 0
8965 5359 20 20
7626 6430 1 8
6287 7501 21 7
4948 8572 2 24
3609 9643 1 15
931 11785 26 15
28642 2150 6 2
25964 4292 15 18
23286 6434 24 26
20608 8576 4 13
17930 10718 13 0
15252 12860 14 16
12574 15002 23 24
9896 17144 3 11
7218 19286 12 27
1862 23570 1 22
26895 16077 11 25
21539 20361 0 20
16183 24645 2 10
10827 28929 12 5
5471 33213 1 8
115 37497 19 3
25148 30004 0 6
19792 34288 18 1
14436 38572 7 4
3724 47140 22 15
23401 43931 0 13
12689 52499 28 11
1977 61067 6 9
21654 57858 18 23
10942 66426 17 21
230 74994 24 19
19907 71785 23 17
9195 80353 17 28
28872 77144 16 26
7448 94280 22 22
16413 99639 4 5
25378 104998 10 1
3954 122134 3 10
12919 127493 9 6
21884 132852 28 18
460 149988 26 14
9425 155347 17 28
18390 160706 23 24
27355 166065 5 7
14896 188560 4 12
2437 211055 0 20
20367 221773 28 25
7908 244268 16 4
25838 254986 15 9
13379 277481 3 17
920 299976 2 22
18850 310694 19 1
6391 333189 18 6
24321 343907 14 14
29792 377120 1 27
4874 422110 17 11
10345 455323 14 19
15816 488536 1 3
21287 521749 17 16
26758 554962 4 0
1840 599952 28 13
7311 633165 15 26
12782 666378 2 10
18253 699591 18 23
29195 766017 14 5
9748 844220 17 2
20690 910646 28 28
1243 988849 2 25
12185 1055275 15 9
23127 1121701 26 6
3680 1199904 0 11
14622 1266330 3 8
25564 1332756 12 10
6117 1410959 15 7
28001 1543811 0 1
19496 1688440 16 19
10991 1833069 1 13
2486 1977698 0 13
24370 2110550 14 7
15865 2255179 1 25
7360 2399808 15 19
29244 2532660 27 18
20739 2677289 12 12
12234 2821918 28 1
25613 3099399 12 3
8603 3388657 13 15
21982 3666138 10 8
4972 3955396 11 20
18351 4232877 24 22
1341 4522135 25 5
14720 4799616 14 27
28099 5077097 23 10
11089 5366355 7 4
24468 5643836 8 16
20837 6210575 27 21
17206 6777314 20 6
13575 7344053 10 11
9944 7910792 24 25
6313 8477531 22 1
2682 9044270 7 7
29440 9599232 5 12
25809 10165971 19 26
22178 10732710 17 2
18547 11299449 2 16
11285 12432927 14 27
4023 13566405 18 17
27150 14688106 1 7
19888 15821584 13 18
12626 16955062 25 8
5364 18088540 8 27
28491 19210241 12 9
21229 20343719 24 28
13967 21477197 7 18
